%YAML:1.0
---
camera_matrix: !!opencv-matrix
   rows: 3
   cols: 3
   dt: d
   data: [ 3.8580846007253916e+02, 0., 9.1039973179337028e+02, 0.,
       3.8411443166612389e+02, 4.9397596501071587e+02, 0., 0., 1. ]
dist_coeff: !!opencv-matrix
   rows: 1
   cols: 5
   dt: d
   data: [ -2.1657609824330504e-01, 4.2073144492041657e-02,
       -1.0891883679529973e-03, -1.0455434677620859e-03,
       -3.3746011937944129e-03 ]
