%YAML:1.0
---
camera_matrix: !!opencv-matrix
   rows: 3
   cols: 3
   dt: d
   data: [ 6.1408984172545354e+02, 0., 6.9767226079329487e+02, 0.,
       6.3273025925340039e+02, 8.8887887684281384e+02, 0., 0., 1. ]
dist_coeff: !!opencv-matrix
   rows: 1
   cols: 5
   dt: d
   data: [ -1.8875644190936655e-01, 2.4350782601427659e-02,
       -9.7461811898418328e-03, 8.7143229615068967e-03,
       -1.3260969016835621e-03 ]
